<?xml version="1.0" encoding="utf-8"?>
<COLLADA xmlns="http://www.collada.org/2005/11/COLLADASchema" version="1.4.1">
  <asset><contributor><author></author><authoring_tool>FBX COLLADA exporter</authoring_tool><comments></comments></contributor><created>2018-11-08T14:25:55Z</created><keywords></keywords><modified>2018-11-08T14:25:55Z</modified><revision></revision><subject></subject><title></title><unit meter="0.010000" name="centimeter"></unit><up_axis>Y_UP</up_axis></asset>
  <library_animations>
    <animation id="Pelvis-anim" name="Pelvis"><animation><source id="Pelvis-Matrix-animation-input"><float_array id="Pelvis-Matrix-animation-input-array" count="4">

-0.133333 -0.100000 -0.066667 -0.033333</float_array><technique_common><accessor source="#Pelvis-Matrix-animation-input-array" count="4"><param name="TIME" type="float"/></accessor></technique_common></source><source id="Pelvis-Matrix-animation-output-transform"><float_array id="Pelvis-Matrix-animation-output-transform-array" count="64">

0.000000 -0.000000 1.000000 -0.000082 0.996195 -0.087155 -0.000000 77.627174 0.087155 0.996195 0.000000 -2.104995 0.000000 0.000000 0.000000 1.000000
0.000000 -0.000000 1.000000 -0.937569 0.996195 -0.087155 -0.000000 76.483849 0.087155 0.996195 0.000000 -2.104995 0.000000 0.000000 0.000000 1.000000
0.000000 -0.000000 1.000000 -3.000041 0.996195 -0.087155 -0.000000 74.264778 0.087155 0.996195 0.000000 -2.104995 0.000000 0.000000 0.000000 1.000000
0.000000 -0.000000 1.000000 -5.062513 0.996195 -0.087155 -0.000000 71.618607 0.087155 0.996195 0.000000 -2.104995 0.000000 0.000000 0.000000 1.000000</float_array><technique_common><accessor source="#Pelvis-Matrix-animation-output-transform-array" count="4" stride="16"><param type="float4x4"/></accessor></technique_common></source><source id="Pelvis-Interpolations"><Name_array id="Pelvis-Interpolations-array" count="4">
 LINEAR LINEAR LINEAR LINEAR</Name_array><technique_common><accessor source="#Pelvis-Interpolations-array" count="4"><param type="name"/></accessor></technique_common></source><sampler id="Pelvis-Matrix-animation-transform"><input semantic="INPUT" source="#Pelvis-Matrix-animation-input"/><input semantic="OUTPUT" source="#Pelvis-Matrix-animation-output-transform"/><input semantic="INTERPOLATION" source="#Pelvis-Interpolations"/></sampler><channel source="#Pelvis-Matrix-animation-transform" target="Pelvis/matrix"/></animation></animation>
    <animation id="L_UpperLeg-anim" name="L_UpperLeg"><animation><source id="L_UpperLeg-Matrix-animation-input"><float_array id="L_UpperLeg-Matrix-animation-input-array" count="4">

-0.133333 -0.100000 -0.066667 -0.033333</float_array><technique_common><accessor source="#L_UpperLeg-Matrix-animation-input-array" count="4"><param name="TIME" type="float"/></accessor></technique_common></source><source id="L_UpperLeg-Matrix-animation-output-transform"><float_array id="L_UpperLeg-Matrix-animation-output-transform-array" count="64">

-0.756825 0.609650 -0.235675 0.000000 0.624189 0.781107 0.016125 -0.000001 0.193918 -0.134902 -0.971698 11.452231 0.000000 0.000000 0.000000 1.000000
-0.654742 0.717227 -0.238534 0.000000 0.734560 0.678159 0.022833 -0.000001 0.178140 -0.160267 -0.970866 11.452231 0.000000 0.000000 0.000000 1.000000
-0.431189 0.871150 -0.234890 -0.000000 0.891824 0.450989 0.035485 -0.000001 0.136845 -0.194180 -0.971374 11.452230 0.000000 0.000000 0.000000 1.000000
-0.183242 0.957606 -0.222289 0.000000 0.979147 0.197960 0.045647 0.000000 0.087717 -0.209289 -0.973912 11.452231 0.000000 0.000000 0.000000 1.000000</float_array><technique_common><accessor source="#L_UpperLeg-Matrix-animation-output-transform-array" count="4" stride="16"><param type="float4x4"/></accessor></technique_common></source><source id="L_UpperLeg-Interpolations"><Name_array id="L_UpperLeg-Interpolations-array" count="4">
 LINEAR LINEAR LINEAR LINEAR</Name_array><technique_common><accessor source="#L_UpperLeg-Interpolations-array" count="4"><param type="name"/></accessor></technique_common></source><sampler id="L_UpperLeg-Matrix-animation-transform"><input semantic="INPUT" source="#L_UpperLeg-Matrix-animation-input"/><input semantic="OUTPUT" source="#L_UpperLeg-Matrix-animation-output-transform"/><input semantic="INTERPOLATION" source="#L_UpperLeg-Interpolations"/></sampler><channel source="#L_UpperLeg-Matrix-animation-transform" target="L_UpperLeg/matrix"/></animation></animation>
    <animation id="L_LowerLeg-anim" name="L_LowerLeg"><animation><source id="L_LowerLeg-Matrix-animation-input"><float_array id="L_LowerLeg-Matrix-animation-input-array" count="4">

-0.133333 -0.100000 -0.066667 -0.033333</float_array><technique_common><accessor source="#L_LowerLeg-Matrix-animation-input-array" count="4"><param name="TIME" type="float"/></accessor></technique_common></source><source id="L_LowerLeg-Matrix-animation-output-transform"><float_array id="L_LowerLeg-Matrix-animation-output-transform-array" count="64">

0.718066 0.694595 -0.043809 43.626755 -0.694000 0.719347 0.030079 0.000061 0.052407 0.008805 0.998587 -0.000040 0.000000 0.000000 0.000000 1.000000
0.534454 0.843522 -0.053202 43.626755 -0.842798 0.536619 0.041604 0.000057 0.063643 0.022603 0.997716 -0.000031 0.000000 0.000000 0.000000 1.000000
0.207276 0.976343 -0.061579 43.626755 -0.975505 0.211017 0.062140 0.000061 0.073664 0.047191 0.996166 -0.000032 0.000000 0.000000 0.000000 1.000000
-0.045707 0.996974 -0.062880 43.626755 -0.996119 -0.040747 0.078019 0.000061 0.075221 0.066202 0.994966 -0.000034 0.000000 0.000000 0.000000 1.000000</float_array><technique_common><accessor source="#L_LowerLeg-Matrix-animation-output-transform-array" count="4" stride="16"><param type="float4x4"/></accessor></technique_common></source><source id="L_LowerLeg-Interpolations"><Name_array id="L_LowerLeg-Interpolations-array" count="4">
 LINEAR LINEAR LINEAR LINEAR</Name_array><technique_common><accessor source="#L_LowerLeg-Interpolations-array" count="4"><param type="name"/></accessor></technique_common></source><sampler id="L_LowerLeg-Matrix-animation-transform"><input semantic="INPUT" source="#L_LowerLeg-Matrix-animation-input"/><input semantic="OUTPUT" source="#L_LowerLeg-Matrix-animation-output-transform"/><input semantic="INTERPOLATION" source="#L_LowerLeg-Interpolations"/></sampler><channel source="#L_LowerLeg-Matrix-animation-transform" target="L_LowerLeg/matrix"/></animation></animation>
    <animation id="L_Ankle-anim" name="L_Ankle"><animation><source id="L_Ankle-Matrix-animation-input"><float_array id="L_Ankle-Matrix-animation-input-array" count="4">

-0.133333 -0.100000 -0.066667 -0.033333</float_array><technique_common><accessor source="#L_Ankle-Matrix-animation-input-array" count="4"><param name="TIME" type="float"/></accessor></technique_common></source><source id="L_Ankle-Matrix-animation-output-transform"><float_array id="L_Ankle-Matrix-animation-output-transform-array" count="64">

0.579019 -0.794750 -0.181959 33.893936 0.804716 0.592946 -0.029118 -0.000002 0.131034 -0.129566 0.982875 -0.000002 0.000000 0.000000 0.000000 1.000000
0.509586 -0.843759 -0.168505 33.893940 0.851467 0.522697 -0.042340 0.000000 0.123802 -0.121901 0.984791 0.000002 0.000000 0.000000 0.000000 1.000000
0.444765 -0.883627 -0.146244 33.893936 0.889118 0.455277 -0.046816 0.000002 0.107949 -0.109206 0.988140 0.000000 0.000000 0.000000 0.000000 1.000000
0.459030 -0.878677 -0.131221 33.893936 0.883960 0.466498 -0.031527 -0.000002 0.088916 -0.101522 0.990852 0.000000 0.000000 0.000000 0.000000 1.000000</float_array><technique_common><accessor source="#L_Ankle-Matrix-animation-output-transform-array" count="4" stride="16"><param type="float4x4"/></accessor></technique_common></source><source id="L_Ankle-Interpolations"><Name_array id="L_Ankle-Interpolations-array" count="4">
 LINEAR LINEAR LINEAR LINEAR</Name_array><technique_common><accessor source="#L_Ankle-Interpolations-array" count="4"><param type="name"/></accessor></technique_common></source><sampler id="L_Ankle-Matrix-animation-transform"><input semantic="INPUT" source="#L_Ankle-Matrix-animation-input"/><input semantic="OUTPUT" source="#L_Ankle-Matrix-animation-output-transform"/><input semantic="INTERPOLATION" source="#L_Ankle-Interpolations"/></sampler><channel source="#L_Ankle-Matrix-animation-transform" target="L_Ankle/matrix"/></animation></animation>
    <animation id="L_Toe-anim" name="L_Toe"><animation><source id="L_Toe-Matrix-animation-input"><float_array id="L_Toe-Matrix-animation-input-array" count="4">

-0.133333 -0.100000 -0.066667 -0.033333</float_array><technique_common><accessor source="#L_Toe-Matrix-animation-input-array" count="4"><param name="TIME" type="float"/></accessor></technique_common></source><source id="L_Toe-Matrix-animation-output-transform"><float_array id="L_Toe-Matrix-animation-output-transform-array" count="64">

0.688295 -0.725431 0.000026 12.491297 0.725431 0.688295 -0.000000 0.000000 -0.000018 0.000019 1.000000 -0.000002 0.000000 0.000000 0.000000 1.000000
0.688295 -0.725431 0.000026 12.491295 0.725431 0.688295 -0.000000 0.000002 -0.000018 0.000019 1.000000 -0.000002 0.000000 0.000000 0.000000 1.000000
0.688295 -0.725431 0.000026 12.491297 0.725431 0.688295 -0.000000 0.000000 -0.000018 0.000019 1.000000 0.000000 0.000000 0.000000 0.000000 1.000000
0.688295 -0.725431 0.000026 12.491291 0.725431 0.688295 -0.000000 0.000000 -0.000018 0.000019 1.000000 0.000000 0.000000 0.000000 0.000000 1.000000</float_array><technique_common><accessor source="#L_Toe-Matrix-animation-output-transform-array" count="4" stride="16"><param type="float4x4"/></accessor></technique_common></source><source id="L_Toe-Interpolations"><Name_array id="L_Toe-Interpolations-array" count="4">
 LINEAR LINEAR LINEAR LINEAR</Name_array><technique_common><accessor source="#L_Toe-Interpolations-array" count="4"><param type="name"/></accessor></technique_common></source><sampler id="L_Toe-Matrix-animation-transform"><input semantic="INPUT" source="#L_Toe-Matrix-animation-input"/><input semantic="OUTPUT" source="#L_Toe-Matrix-animation-output-transform"/><input semantic="INTERPOLATION" source="#L_Toe-Interpolations"/></sampler><channel source="#L_Toe-Matrix-animation-transform" target="L_Toe/matrix"/></animation></animation>
    <animation id="R_UpperLeg-anim" name="R_UpperLeg"><animation><source id="R_UpperLeg-Matrix-animation-input"><float_array id="R_UpperLeg-Matrix-animation-input-array" count="4">

-0.133333 -0.100000 -0.066667 -0.033333</float_array><technique_common><accessor source="#R_UpperLeg-Matrix-animation-input-array" count="4"><param name="TIME" type="float"/></accessor></technique_common></source><source id="R_UpperLeg-Matrix-animation-output-transform"><float_array id="R_UpperLeg-Matrix-animation-output-transform-array" count="64">

-0.950745 0.204675 0.232794 0.000000 0.210479 0.977598 0.000091 -0.000001 -0.227561 0.049084 -0.972526 -11.452229 0.000000 0.000000 0.000000 1.000000
-0.965994 0.171433 0.193562 0.000000 0.174097 0.984723 -0.003293 -0.000002 -0.191170 0.030517 -0.981082 -11.452229 0.000000 0.000000 0.000000 1.000000
-0.994000 0.040918 0.101435 0.000000 0.039195 0.999052 -0.018927 -0.000001 -0.102114 -0.014838 -0.994662 -11.452230 0.000000 0.000000 0.000000 1.000000
-0.985184 -0.171212 0.009943 -0.000000 -0.171493 0.984041 -0.047484 -0.000001 -0.001654 -0.048486 -0.998822 -11.452229 0.000000 0.000000 0.000000 1.000000</float_array><technique_common><accessor source="#R_UpperLeg-Matrix-animation-output-transform-array" count="4" stride="16"><param type="float4x4"/></accessor></technique_common></source><source id="R_UpperLeg-Interpolations"><Name_array id="R_UpperLeg-Interpolations-array" count="4">
 LINEAR LINEAR LINEAR LINEAR</Name_array><technique_common><accessor source="#R_UpperLeg-Interpolations-array" count="4"><param type="name"/></accessor></technique_common></source><sampler id="R_UpperLeg-Matrix-animation-transform"><input semantic="INPUT" source="#R_UpperLeg-Matrix-animation-input"/><input semantic="OUTPUT" source="#R_UpperLeg-Matrix-animation-output-transform"/><input semantic="INTERPOLATION" source="#R_UpperLeg-Interpolations"/></sampler><channel source="#R_UpperLeg-Matrix-animation-transform" target="R_UpperLeg/matrix"/></animation></animation>
    <animation id="R_LowerLeg-anim" name="R_LowerLeg"><animation><source id="R_LowerLeg-Matrix-animation-input"><float_array id="R_LowerLeg-Matrix-animation-input-array" count="4">

-0.133333 -0.100000 -0.066667 -0.033333</float_array><technique_common><accessor source="#R_LowerLeg-Matrix-animation-input-array" count="4"><param name="TIME" type="float"/></accessor></technique_common></source><source id="R_LowerLeg-Matrix-animation-output-transform"><float_array id="R_LowerLeg-Matrix-animation-output-transform-array" count="64">

0.690048 0.722255 0.046713 43.626755 -0.721608 0.691536 -0.032556 0.000061 -0.055818 -0.011243 0.998378 0.000036 0.000000 0.000000 0.000000 1.000000
0.655128 0.753951 0.048629 43.626747 -0.753301 0.656778 -0.034347 0.000062 -0.057835 -0.014131 0.998226 0.000036 0.000000 0.000000 0.000000 1.000000
0.662216 0.747770 0.048054 43.626762 -0.747119 0.663822 -0.033960 0.000062 -0.057294 -0.013413 0.998267 0.000040 0.000000 0.000000 0.000000 1.000000
0.773405 0.632609 0.040624 43.626751 -0.632071 0.774454 -0.026596 0.000061 -0.048286 -0.005108 0.998820 0.000038 0.000000 0.000000 0.000000 1.000000</float_array><technique_common><accessor source="#R_LowerLeg-Matrix-animation-output-transform-array" count="4" stride="16"><param type="float4x4"/></accessor></technique_common></source><source id="R_LowerLeg-Interpolations"><Name_array id="R_LowerLeg-Interpolations-array" count="4">
 LINEAR LINEAR LINEAR LINEAR</Name_array><technique_common><accessor source="#R_LowerLeg-Interpolations-array" count="4"><param type="name"/></accessor></technique_common></source><sampler id="R_LowerLeg-Matrix-animation-transform"><input semantic="INPUT" source="#R_LowerLeg-Matrix-animation-input"/><input semantic="OUTPUT" source="#R_LowerLeg-Matrix-animation-output-transform"/><input semantic="INTERPOLATION" source="#R_LowerLeg-Interpolations"/></sampler><channel source="#R_LowerLeg-Matrix-animation-transform" target="R_LowerLeg/matrix"/></animation></animation>
    <animation id="R_Ankle-anim" name="R_Ankle"><animation><source id="R_Ankle-Matrix-animation-input"><float_array id="R_Ankle-Matrix-animation-input-array" count="4">

-0.133333 -0.100000 -0.066667 -0.033333</float_array><technique_common><accessor source="#R_Ankle-Matrix-animation-input-array" count="4"><param name="TIME" type="float"/></accessor></technique_common></source><source id="R_Ankle-Matrix-animation-output-transform"><float_array id="R_Ankle-Matrix-animation-output-transform-array" count="64">

0.121261 -0.982982 0.137995 33.893921 0.983381 0.137890 0.118109 -0.000002 -0.135127 0.121379 0.983366 -0.000002 0.000000 0.000000 0.000000 1.000000
0.041933 -0.994923 0.091486 33.893913 0.992555 0.051962 0.110160 0.000000 -0.114355 0.086185 0.989694 0.000004 0.000000 0.000000 0.000000 1.000000
-0.078901 -0.996882 -0.000447 33.893921 0.994235 -0.078724 0.072799 0.000004 -0.072607 0.005299 0.997347 -0.000002 0.000000 0.000000 0.000000 1.000000
-0.130359 -0.988423 -0.077633 33.893921 0.990503 -0.133285 0.033770 0.000002 -0.043726 -0.072493 0.996410 0.000002 0.000000 0.000000 0.000000 1.000000</float_array><technique_common><accessor source="#R_Ankle-Matrix-animation-output-transform-array" count="4" stride="16"><param type="float4x4"/></accessor></technique_common></source><source id="R_Ankle-Interpolations"><Name_array id="R_Ankle-Interpolations-array" count="4">
 LINEAR LINEAR LINEAR LINEAR</Name_array><technique_common><accessor source="#R_Ankle-Interpolations-array" count="4"><param type="name"/></accessor></technique_common></source><sampler id="R_Ankle-Matrix-animation-transform"><input semantic="INPUT" source="#R_Ankle-Matrix-animation-input"/><input semantic="OUTPUT" source="#R_Ankle-Matrix-animation-output-transform"/><input semantic="INTERPOLATION" source="#R_Ankle-Interpolations"/></sampler><channel source="#R_Ankle-Matrix-animation-transform" target="R_Ankle/matrix"/></animation></animation>
    <animation id="R_Toe-anim" name="R_Toe"><animation><source id="R_Toe-Matrix-animation-input"><float_array id="R_Toe-Matrix-animation-input-array" count="4">

-0.133333 -0.100000 -0.066667 -0.033333</float_array><technique_common><accessor source="#R_Toe-Matrix-animation-input-array" count="4"><param name="TIME" type="float"/></accessor></technique_common></source><source id="R_Toe-Matrix-animation-output-transform"><float_array id="R_Toe-Matrix-animation-output-transform-array" count="64">

0.688763 -0.724985 0.001394 12.491300 0.724986 0.688764 -0.000000 0.000000 -0.000960 0.001011 0.999999 0.000000 0.000000 0.000000 0.000000 1.000000
0.688643 -0.725101 0.000067 12.491302 0.725101 0.688643 -0.000000 0.000000 -0.000046 0.000049 1.000000 -0.000000 0.000000 0.000000 0.000000 1.000000
0.688643 -0.725101 0.000067 12.491302 0.725101 0.688643 -0.000000 0.000000 -0.000046 0.000049 1.000000 0.000000 0.000000 0.000000 0.000000 1.000000
0.688658 -0.725086 -0.000277 12.491299 0.725086 0.688658 -0.000000 -0.000002 0.000191 -0.000201 1.000000 -0.000000 0.000000 0.000000 0.000000 1.000000</float_array><technique_common><accessor source="#R_Toe-Matrix-animation-output-transform-array" count="4" stride="16"><param type="float4x4"/></accessor></technique_common></source><source id="R_Toe-Interpolations"><Name_array id="R_Toe-Interpolations-array" count="4">
 LINEAR LINEAR LINEAR LINEAR</Name_array><technique_common><accessor source="#R_Toe-Interpolations-array" count="4"><param type="name"/></accessor></technique_common></source><sampler id="R_Toe-Matrix-animation-transform"><input semantic="INPUT" source="#R_Toe-Matrix-animation-input"/><input semantic="OUTPUT" source="#R_Toe-Matrix-animation-output-transform"/><input semantic="INTERPOLATION" source="#R_Toe-Interpolations"/></sampler><channel source="#R_Toe-Matrix-animation-transform" target="R_Toe/matrix"/></animation></animation>
    <animation id="Spine1-anim" name="Spine1"><animation><source id="Spine1-Matrix-animation-input"><float_array id="Spine1-Matrix-animation-input-array" count="4">

-0.133333 -0.100000 -0.066667 -0.033333</float_array><technique_common><accessor source="#Spine1-Matrix-animation-input-array" count="4"><param name="TIME" type="float"/></accessor></technique_common></source><source id="Spine1-Matrix-animation-output-transform"><float_array id="Spine1-Matrix-animation-output-transform-array" count="64">

0.995117 -0.098707 0.000000 0.000000 0.098699 0.995033 -0.012941 0.000000 0.001277 0.012878 0.999916 0.000000 0.000000 0.000000 0.000000 1.000000
0.994421 -0.105486 0.000338 0.000000 0.105483 0.994352 -0.011693 0.000000 0.000898 0.011664 0.999932 0.000000 0.000000 0.000000 0.000000 1.000000
0.992726 -0.120390 0.000651 0.000000 0.120391 0.992686 -0.008983 0.000000 0.000435 0.008996 0.999960 0.000000 0.000000 0.000000 0.000000 1.000000
0.990809 -0.135269 0.000117 0.000000 0.135267 0.990789 -0.006379 0.000000 0.000747 0.006336 0.999980 0.000000 0.000000 0.000000 0.000000 1.000000</float_array><technique_common><accessor source="#Spine1-Matrix-animation-output-transform-array" count="4" stride="16"><param type="float4x4"/></accessor></technique_common></source><source id="Spine1-Interpolations"><Name_array id="Spine1-Interpolations-array" count="4">
 LINEAR LINEAR LINEAR LINEAR</Name_array><technique_common><accessor source="#Spine1-Interpolations-array" count="4"><param type="name"/></accessor></technique_common></source><sampler id="Spine1-Matrix-animation-transform"><input semantic="INPUT" source="#Spine1-Matrix-animation-input"/><input semantic="OUTPUT" source="#Spine1-Matrix-animation-output-transform"/><input semantic="INTERPOLATION" source="#Spine1-Interpolations"/></sampler><channel source="#Spine1-Matrix-animation-transform" target="Spine1/matrix"/></animation></animation>
    <animation id="Spine2-anim" name="Spine2"><animation><source id="Spine2-Matrix-animation-input"><float_array id="Spine2-Matrix-animation-input-array" count="4">

-0.133333 -0.100000 -0.066667 -0.033333</float_array><technique_common><accessor source="#Spine2-Matrix-animation-input-array" count="4"><param name="TIME" type="float"/></accessor></technique_common></source><source id="Spine2-Matrix-animation-output-transform"><float_array id="Spine2-Matrix-animation-output-transform-array" count="64">

0.994326 0.106121 -0.007330 19.297745 -0.106372 0.991577 -0.073894 0.000002 -0.000574 0.074254 0.997239 -0.000004 0.000000 0.000000 0.000000 1.000000
0.997729 0.067259 -0.003611 19.297745 -0.067350 0.995475 -0.067032 0.000000 -0.000914 0.067123 0.997744 -0.000002 0.000000 0.000000 0.000000 1.000000
0.999824 -0.018698 0.001305 19.297745 0.018740 0.998489 -0.051654 0.000000 -0.000337 0.051669 0.998664 -0.000000 0.000000 0.000000 0.000000 1.000000
0.994508 -0.104648 0.001560 19.297737 0.104635 0.993839 -0.036552 0.000002 0.002275 0.036515 0.999331 0.000000 0.000000 0.000000 0.000000 1.000000</float_array><technique_common><accessor source="#Spine2-Matrix-animation-output-transform-array" count="4" stride="16"><param type="float4x4"/></accessor></technique_common></source><source id="Spine2-Interpolations"><Name_array id="Spine2-Interpolations-array" count="4">
 LINEAR LINEAR LINEAR LINEAR</Name_array><technique_common><accessor source="#Spine2-Interpolations-array" count="4"><param type="name"/></accessor></technique_common></source><sampler id="Spine2-Matrix-animation-transform"><input semantic="INPUT" source="#Spine2-Matrix-animation-input"/><input semantic="OUTPUT" source="#Spine2-Matrix-animation-output-transform"/><input semantic="INTERPOLATION" source="#Spine2-Interpolations"/></sampler><channel source="#Spine2-Matrix-animation-transform" target="Spine2/matrix"/></animation></animation>
    <animation id="Spine3-anim" name="Spine3"><animation><source id="Spine3-Matrix-animation-input"><float_array id="Spine3-Matrix-animation-input-array" count="4">

-0.133333 -0.100000 -0.066667 -0.033333</float_array><technique_common><accessor source="#Spine3-Matrix-animation-input-array" count="4"><param name="TIME" type="float"/></accessor></technique_common></source><source id="Spine3-Matrix-animation-output-transform"><float_array id="Spine3-Matrix-animation-output-transform-array" count="64">

0.997449 0.071376 0.000574 11.367310 -0.071137 0.994699 -0.074254 -0.000000 -0.005871 0.074024 0.997239 -0.000001 0.000000 0.000000 0.000000 1.000000
0.999470 0.032365 0.003541 11.367302 -0.032056 0.997235 -0.067035 0.000000 -0.005701 0.066886 0.997744 0.000003 0.000000 0.000000 0.000000 1.000000
0.998533 -0.053711 0.006793 11.367317 0.053989 0.997227 -0.051222 -0.000002 -0.004023 0.051514 0.998664 0.000000 0.000000 0.000000 0.000000 1.000000
0.990210 -0.139464 0.005892 11.367317 0.139586 0.989547 -0.036240 0.000002 -0.000776 0.036708 0.999326 0.000000 0.000000 0.000000 0.000000 1.000000</float_array><technique_common><accessor source="#Spine3-Matrix-animation-output-transform-array" count="4" stride="16"><param type="float4x4"/></accessor></technique_common></source><source id="Spine3-Interpolations"><Name_array id="Spine3-Interpolations-array" count="4">
 LINEAR LINEAR LINEAR LINEAR</Name_array><technique_common><accessor source="#Spine3-Interpolations-array" count="4"><param type="name"/></accessor></technique_common></source><sampler id="Spine3-Matrix-animation-transform"><input semantic="INPUT" source="#Spine3-Matrix-animation-input"/><input semantic="OUTPUT" source="#Spine3-Matrix-animation-output-transform"/><input semantic="INTERPOLATION" source="#Spine3-Interpolations"/></sampler><channel source="#Spine3-Matrix-animation-transform" target="Spine3/matrix"/></animation></animation>
    <animation id="SpineHub-anim" name="SpineHub"><animation><source id="SpineHub-Matrix-animation-input"><float_array id="SpineHub-Matrix-animation-input-array" count="4">

-0.133333 -0.100000 -0.066667 -0.033333</float_array><technique_common><accessor source="#SpineHub-Matrix-animation-input-array" count="4"><param name="TIME" type="float"/></accessor></technique_common></source><source id="SpineHub-Matrix-animation-output-transform"><float_array id="SpineHub-Matrix-animation-output-transform-array" count="64">

0.996870 -0.079053 0.001023 26.890755 0.079060 0.996786 -0.012901 0.000000 -0.000000 0.012941 0.999916 -0.000000 0.000000 0.000000 0.000000 1.000000
0.996308 -0.085846 0.001261 26.890770 0.085855 0.996240 -0.011630 -0.000000 -0.000258 0.011695 0.999932 0.000000 0.000000 0.000000 0.000000 1.000000
0.994908 -0.100783 0.001360 26.890770 0.100791 0.994868 -0.008904 0.000000 -0.000455 0.008995 0.999960 0.000000 0.000000 0.000000 0.000000 1.000000
0.993286 -0.115675 0.001137 26.890762 0.115680 0.993266 -0.006428 -0.000004 -0.000386 0.006517 0.999979 -0.000000 0.000000 0.000000 0.000000 1.000000</float_array><technique_common><accessor source="#SpineHub-Matrix-animation-output-transform-array" count="4" stride="16"><param type="float4x4"/></accessor></technique_common></source><source id="SpineHub-Interpolations"><Name_array id="SpineHub-Interpolations-array" count="4">
 LINEAR LINEAR LINEAR LINEAR</Name_array><technique_common><accessor source="#SpineHub-Interpolations-array" count="4"><param type="name"/></accessor></technique_common></source><sampler id="SpineHub-Matrix-animation-transform"><input semantic="INPUT" source="#SpineHub-Matrix-animation-input"/><input semantic="OUTPUT" source="#SpineHub-Matrix-animation-output-transform"/><input semantic="INTERPOLATION" source="#SpineHub-Interpolations"/></sampler><channel source="#SpineHub-Matrix-animation-transform" target="SpineHub/matrix"/></animation></animation>
    <animation id="Neck-anim" name="Neck"><animation><source id="Neck-Matrix-animation-input"><float_array id="Neck-Matrix-animation-input-array" count="4">

-0.133333 -0.100000 -0.066667 -0.033333</float_array><technique_common><accessor source="#Neck-Matrix-animation-input-array" count="4"><param name="TIME" type="float"/></accessor></technique_common></source><source id="Neck-Matrix-animation-output-transform"><float_array id="Neck-Matrix-animation-output-transform-array" count="64">

1.000000 -0.000000 0.000000 0.000000 0.000000 0.996195 0.087156 0.000000 -0.000000 -0.087156 0.996195 0.000000 0.000000 0.000000 0.000000 1.000000
0.998702 0.050548 0.006206 0.000000 -0.050883 0.995491 0.080058 0.000000 -0.002131 -0.080270 0.996771 0.000000 0.000000 0.000000 0.000000 1.000000
0.986746 0.161476 0.016061 0.000000 -0.162176 0.984728 0.063327 0.000000 -0.005590 -0.065093 0.997864 0.000000 0.000000 0.000000 0.000000 1.000000
0.962302 0.271190 0.020797 0.000000 -0.271883 0.961231 0.046002 0.000000 -0.007515 -0.049922 0.998726 0.000000 0.000000 0.000000 0.000000 1.000000</float_array><technique_common><accessor source="#Neck-Matrix-animation-output-transform-array" count="4" stride="16"><param type="float4x4"/></accessor></technique_common></source><source id="Neck-Interpolations"><Name_array id="Neck-Interpolations-array" count="4">
 LINEAR LINEAR LINEAR LINEAR</Name_array><technique_common><accessor source="#Neck-Interpolations-array" count="4"><param type="name"/></accessor></technique_common></source><sampler id="Neck-Matrix-animation-transform"><input semantic="INPUT" source="#Neck-Matrix-animation-input"/><input semantic="OUTPUT" source="#Neck-Matrix-animation-output-transform"/><input semantic="INTERPOLATION" source="#Neck-Interpolations"/></sampler><channel source="#Neck-Matrix-animation-transform" target="Neck/matrix"/></animation></animation>
    <animation id="HeadHub-anim" name="HeadHub"><animation><source id="HeadHub-Matrix-animation-input"><float_array id="HeadHub-Matrix-animation-input-array" count="4">

-0.133333 -0.100000 -0.066667 -0.033333</float_array><technique_common><accessor source="#HeadHub-Matrix-animation-input-array" count="4"><param name="TIME" type="float"/></accessor></technique_common></source><source id="HeadHub-Matrix-animation-output-transform"><float_array id="HeadHub-Matrix-animation-output-transform-array" count="64">

1.000000 0.000000 -0.000000 9.890656 -0.000000 0.996195 0.087156 -0.000000 0.000000 -0.087156 0.996195 -0.000000 0.000000 0.000000 0.000000 1.000000
0.998702 0.050548 0.006206 9.890656 -0.050883 0.995491 0.080058 -0.000002 -0.002131 -0.080270 0.996771 -0.000000 0.000000 0.000000 0.000000 1.000000
0.986746 0.161476 0.016060 9.890656 -0.162176 0.984728 0.063327 0.000002 -0.005589 -0.065093 0.997864 0.000000 0.000000 0.000000 0.000000 1.000000
0.962553 0.270324 0.020427 9.890656 -0.270999 0.961481 0.045982 -0.000004 -0.007210 -0.049796 0.998734 -0.000000 0.000000 0.000000 0.000000 1.000000</float_array><technique_common><accessor source="#HeadHub-Matrix-animation-output-transform-array" count="4" stride="16"><param type="float4x4"/></accessor></technique_common></source><source id="HeadHub-Interpolations"><Name_array id="HeadHub-Interpolations-array" count="4">
 LINEAR LINEAR LINEAR LINEAR</Name_array><technique_common><accessor source="#HeadHub-Interpolations-array" count="4"><param type="name"/></accessor></technique_common></source><sampler id="HeadHub-Matrix-animation-transform"><input semantic="INPUT" source="#HeadHub-Matrix-animation-input"/><input semantic="OUTPUT" source="#HeadHub-Matrix-animation-output-transform"/><input semantic="INTERPOLATION" source="#HeadHub-Interpolations"/></sampler><channel source="#HeadHub-Matrix-animation-transform" target="HeadHub/matrix"/></animation></animation>
    <animation id="L_Clav-anim" name="L_Clav"><animation><source id="L_Clav-Matrix-animation-input"><float_array id="L_Clav-Matrix-animation-input-array" count="4">

-0.133333 -0.100000 -0.066667 -0.033333</float_array><technique_common><accessor source="#L_Clav-Matrix-animation-input-array" count="4"><param name="TIME" type="float"/></accessor></technique_common></source><source id="L_Clav-Matrix-animation-output-transform"><float_array id="L_Clav-Matrix-animation-output-transform-array" count="64">

-0.117194 -0.000000 -0.993109 -9.116058 -0.000000 1.000000 -0.000000 -0.000002 0.993109 0.000000 -0.117194 5.938191 0.000000 0.000000 0.000000 1.000000
-0.117194 -0.000000 -0.993109 -9.116074 -0.000000 1.000000 -0.000000 -0.000004 0.993109 -0.000000 -0.117194 5.938191 0.000000 0.000000 0.000000 1.000000
-0.117194 0.000000 -0.993109 -9.116051 -0.000000 1.000000 -0.000000 0.000000 0.993109 0.000000 -0.117194 5.938190 0.000000 0.000000 0.000000 1.000000
-0.117194 0.000000 -0.993109 -9.116058 0.000000 1.000000 0.000000 -0.000008 0.993109 -0.000000 -0.117194 5.938191 0.000000 0.000000 0.000000 1.000000</float_array><technique_common><accessor source="#L_Clav-Matrix-animation-output-transform-array" count="4" stride="16"><param type="float4x4"/></accessor></technique_common></source><source id="L_Clav-Interpolations"><Name_array id="L_Clav-Interpolations-array" count="4">
 LINEAR LINEAR LINEAR LINEAR</Name_array><technique_common><accessor source="#L_Clav-Interpolations-array" count="4"><param type="name"/></accessor></technique_common></source><sampler id="L_Clav-Matrix-animation-transform"><input semantic="INPUT" source="#L_Clav-Matrix-animation-input"/><input semantic="OUTPUT" source="#L_Clav-Matrix-animation-output-transform"/><input semantic="INTERPOLATION" source="#L_Clav-Interpolations"/></sampler><channel source="#L_Clav-Matrix-animation-transform" target="L_Clav/matrix"/></animation></animation>
    <animation id="L_UpperArm-anim" name="L_UpperArm"><animation><source id="L_UpperArm-Matrix-animation-input"><float_array id="L_UpperArm-Matrix-animation-input-array" count="4">

-0.133333 -0.100000 -0.066667 -0.033333</float_array><technique_common><accessor source="#L_UpperArm-Matrix-animation-input-array" count="4"><param name="TIME" type="float"/></accessor></technique_common></source><source id="L_UpperArm-Matrix-animation-output-transform"><float_array id="L_UpperArm-Matrix-animation-output-transform-array" count="64">

0.589878 0.662152 -0.462168 10.524843 -0.746704 0.665157 -0.000063 -0.000001 0.307372 0.345140 0.886793 -0.000008 0.000000 0.000000 0.000000 1.000000
0.617806 0.641730 -0.454421 10.524843 -0.726227 0.687249 -0.016812 -0.000002 0.301512 0.340399 0.890629 0.000000 0.000000 0.000000 0.000000 1.000000
0.653638 0.603075 -0.457228 10.524843 -0.683318 0.729986 -0.014011 0.000000 0.325321 0.321590 0.889239 -0.000000 0.000000 0.000000 0.000000 1.000000
0.683317 0.566512 -0.460589 10.524843 -0.640218 0.768178 -0.004973 -0.000008 0.350997 0.298275 0.887600 -0.000008 0.000000 0.000000 0.000000 1.000000</float_array><technique_common><accessor source="#L_UpperArm-Matrix-animation-output-transform-array" count="4" stride="16"><param type="float4x4"/></accessor></technique_common></source><source id="L_UpperArm-Interpolations"><Name_array id="L_UpperArm-Interpolations-array" count="4">
 LINEAR LINEAR LINEAR LINEAR</Name_array><technique_common><accessor source="#L_UpperArm-Interpolations-array" count="4"><param type="name"/></accessor></technique_common></source><sampler id="L_UpperArm-Matrix-animation-transform"><input semantic="INPUT" source="#L_UpperArm-Matrix-animation-input"/><input semantic="OUTPUT" source="#L_UpperArm-Matrix-animation-output-transform"/><input semantic="INTERPOLATION" source="#L_UpperArm-Interpolations"/></sampler><channel source="#L_UpperArm-Matrix-animation-transform" target="L_UpperArm/matrix"/></animation></animation>
    <animation id="L_LowerArm-anim" name="L_LowerArm"><animation><source id="L_LowerArm-Matrix-animation-input"><float_array id="L_LowerArm-Matrix-animation-input-array" count="4">

-0.133333 -0.100000 -0.066667 -0.033333</float_array><technique_common><accessor source="#L_LowerArm-Matrix-animation-input-array" count="4"><param name="TIME" type="float"/></accessor></technique_common></source><source id="L_LowerArm-Matrix-animation-output-transform"><float_array id="L_LowerArm-Matrix-animation-output-transform-array" count="64">

0.474413 -0.877475 -0.070477 18.668358 0.879528 0.475829 -0.003791 0.000000 0.036861 -0.060188 0.997510 0.000000 0.000000 0.000000 0.000000 1.000000
0.556006 -0.828325 -0.068790 18.668358 0.830153 0.557522 -0.003458 0.000004 0.041216 -0.055183 0.997629 -0.000008 0.000000 0.000000 0.000000 1.000000
0.716565 -0.694272 -0.067218 18.668358 0.695665 0.718355 -0.003612 -0.000004 0.050794 -0.044173 0.997735 -0.000008 0.000000 0.000000 0.000000 1.000000
0.845417 -0.529657 -0.068764 18.668360 0.530679 0.847563 -0.003937 0.000000 0.060367 -0.033163 0.997629 -0.000008 0.000000 0.000000 0.000000 1.000000</float_array><technique_common><accessor source="#L_LowerArm-Matrix-animation-output-transform-array" count="4" stride="16"><param type="float4x4"/></accessor></technique_common></source><source id="L_LowerArm-Interpolations"><Name_array id="L_LowerArm-Interpolations-array" count="4">
 LINEAR LINEAR LINEAR LINEAR</Name_array><technique_common><accessor source="#L_LowerArm-Interpolations-array" count="4"><param type="name"/></accessor></technique_common></source><sampler id="L_LowerArm-Matrix-animation-transform"><input semantic="INPUT" source="#L_LowerArm-Matrix-animation-input"/><input semantic="OUTPUT" source="#L_LowerArm-Matrix-animation-output-transform"/><input semantic="INTERPOLATION" source="#L_LowerArm-Interpolations"/></sampler><channel source="#L_LowerArm-Matrix-animation-transform" target="L_LowerArm/matrix"/></animation></animation>
    <animation id="L_Hand-anim" name="L_Hand"><animation><source id="L_Hand-Matrix-animation-input"><float_array id="L_Hand-Matrix-animation-input-array" count="4">

-0.133333 -0.100000 -0.066667 -0.033333</float_array><technique_common><accessor source="#L_Hand-Matrix-animation-input-array" count="4"><param name="TIME" type="float"/></accessor></technique_common></source><source id="L_Hand-Matrix-animation-output-transform"><float_array id="L_Hand-Matrix-animation-output-transform-array" count="64">

0.998373 -0.056519 0.008700 18.673920 -0.010198 -0.026256 0.999606 0.000001 -0.056270 -0.998044 -0.026790 0.000000 0.000000 0.000000 0.000000 1.000000
0.998373 -0.056519 0.008700 18.673916 -0.010198 -0.026256 0.999606 0.000000 -0.056270 -0.998044 -0.026790 0.000000 0.000000 0.000000 0.000000 1.000000
0.998373 -0.056519 0.008700 18.673912 -0.010198 -0.026256 0.999606 0.000004 -0.056270 -0.998044 -0.026790 -0.000008 0.000000 0.000000 0.000000 1.000000
0.998373 -0.056519 0.008700 18.673912 -0.010198 -0.026256 0.999605 0.000008 -0.056270 -0.998044 -0.026790 -0.000008 0.000000 0.000000 0.000000 1.000000</float_array><technique_common><accessor source="#L_Hand-Matrix-animation-output-transform-array" count="4" stride="16"><param type="float4x4"/></accessor></technique_common></source><source id="L_Hand-Interpolations"><Name_array id="L_Hand-Interpolations-array" count="4">
 LINEAR LINEAR LINEAR LINEAR</Name_array><technique_common><accessor source="#L_Hand-Interpolations-array" count="4"><param type="name"/></accessor></technique_common></source><sampler id="L_Hand-Matrix-animation-transform"><input semantic="INPUT" source="#L_Hand-Matrix-animation-input"/><input semantic="OUTPUT" source="#L_Hand-Matrix-animation-output-transform"/><input semantic="INTERPOLATION" source="#L_Hand-Interpolations"/></sampler><channel source="#L_Hand-Matrix-animation-transform" target="L_Hand/matrix"/></animation></animation>
    <animation id="L_Thumb1-anim" name="L_Thumb1"><animation><source id="L_Thumb1-Matrix-animation-input"><float_array id="L_Thumb1-Matrix-animation-input-array" count="4">

-0.133333 -0.100000 -0.066667 -0.033333</float_array><technique_common><accessor source="#L_Thumb1-Matrix-animation-input-array" count="4"><param name="TIME" type="float"/></accessor></technique_common></source><source id="L_Thumb1-Matrix-animation-output-transform"><float_array id="L_Thumb1-Matrix-animation-output-transform-array" count="64">

0.464700 0.084291 -0.881452 7.445965 -0.355526 0.929448 -0.098550 -0.766113 0.810964 0.359168 0.461888 5.723566 0.000000 0.000000 0.000000 1.000000
0.464700 0.084291 -0.881452 7.445961 -0.355526 0.929448 -0.098550 -0.766106 0.810964 0.359168 0.461888 5.723564 0.000000 0.000000 0.000000 1.000000
0.464700 0.084291 -0.881453 7.445965 -0.355526 0.929448 -0.098550 -0.766113 0.810964 0.359168 0.461888 5.723568 0.000000 0.000000 0.000000 1.000000
0.464701 0.084291 -0.881452 7.445961 -0.355526 0.929448 -0.098550 -0.766106 0.810964 0.359168 0.461888 5.723564 0.000000 0.000000 0.000000 1.000000</float_array><technique_common><accessor source="#L_Thumb1-Matrix-animation-output-transform-array" count="4" stride="16"><param type="float4x4"/></accessor></technique_common></source><source id="L_Thumb1-Interpolations"><Name_array id="L_Thumb1-Interpolations-array" count="4">
 LINEAR LINEAR LINEAR LINEAR</Name_array><technique_common><accessor source="#L_Thumb1-Interpolations-array" count="4"><param type="name"/></accessor></technique_common></source><sampler id="L_Thumb1-Matrix-animation-transform"><input semantic="INPUT" source="#L_Thumb1-Matrix-animation-input"/><input semantic="OUTPUT" source="#L_Thumb1-Matrix-animation-output-transform"/><input semantic="INTERPOLATION" source="#L_Thumb1-Interpolations"/></sampler><channel source="#L_Thumb1-Matrix-animation-transform" target="L_Thumb1/matrix"/></animation></animation>
    <animation id="L_Thumb2-anim" name="L_Thumb2"><animation><source id="L_Thumb2-Matrix-animation-input"><float_array id="L_Thumb2-Matrix-animation-input-array" count="4">

-0.133333 -0.100000 -0.066667 -0.033333</float_array><technique_common><accessor source="#L_Thumb2-Matrix-animation-input-array" count="4"><param name="TIME" type="float"/></accessor></technique_common></source><source id="L_Thumb2-Matrix-animation-output-transform"><float_array id="L_Thumb2-Matrix-animation-output-transform-array" count="64">

